0.00
0.82
1.58
2.41
3.18
4.13
4.77
5.72
6.36
6.99
8.27
8.90
9.54
10.81
11.45
12.08
12.72
13.99
14.63
15.27
15.90
17.18
17.81
18.45
19.08
20.36
20.99
21.63
22.27
23.54
24.18
24.81
25.45
26.72
27.36
27.99
28.63
29.90
30.54
31.18
31.81
33.08
33.72
34.36
34.99
36.27
36.90
37.54
38.18
39.45
41.36
44.54
47.72
50.90
57.27
60.45
63.63
69.99
73.18
76.36
82.72
89.08
95.45
101.81
108.18
114.54
120.90
127.27
133.63
139.99
146.36
152.72
159.08
165.45
171.81
178.18
190.90
209.99
241.81
286.36
318.18
349.99
413.63
477.27
572.72
636.36
731.81
827.27