0.00
0.83
1.60
2.44
3.21
4.05
4.89
5.59
6.29
6.99
8.39
9.09
9.79
10.49
11.19
11.89
13.29
13.99
14.69
15.39
16.09
16.79
17.49
18.89
19.59
20.29
20.99
21.69
22.39
23.79
24.49
25.19
25.89
26.59
27.29
27.99
29.39
30.09
30.79
31.49
32.19
32.89
33.59
34.99
35.69
36.39
37.09
37.79
38.49
39.19
40.59
45.49
48.99
52.49
55.99
59.49
62.99
66.49
69.99
76.99
83.99
90.99
97.99
101.49
104.99
111.99
118.99
132.99
139.99
143.49
146.99
153.99
160.99
167.99
174.99
188.99
195.99
209.99
244.99
279.99
314.99
349.99
405.99
489.99
559.99
629.99
699.99
839.99