0.00
8.00
16.00
25.00
29.00
39.00
49.00
55.00
59.00
69.00
79.00
89.00
95.00
99.00
109.00
119.00
125.00
129.00
139.00
149.00
159.00
165.00
169.00
179.00
189.00
195.00
199.00
209.00
219.00
229.00
235.00
239.00
249.00
259.00
265.00
269.00
279.00
289.00
295.00
299.00
309.00
319.00
325.00
329.00
339.00
349.00
355.00
359.00
369.00
379.00
389.00
429.00
449.00
499.00
549.00
579.00
599.00
649.00
699.00
749.00
799.00
849.00
899.00
949.00
999.00
1099.00
1149.00
1199.00
1299.00
1349.00
1399.00
1499.00
1549.00
1599.00
1699.00
1799.00
1899.00
1999.00
2299.00
2499.00
2999.00
3499.00
3999.00
4499.00
4999.00
5999.00
6999.00
7999.00