0.00
4.48
8.96
14.00
16.24
21.84
27.44
30.80
33.04
38.64
44.24
49.84
53.20
55.44
61.04
66.64
70.00
72.24
77.84
83.44
89.04
92.40
94.64
100.24
105.84
109.20
111.44
117.04
122.64
128.24
131.60
133.84
139.44
145.04
148.40
150.64
156.24
161.84
165.20
167.44
173.04
178.64
182.00
184.24
189.84
195.44
198.80
201.04
206.64
212.24
217.84
240.24
251.44
279.44
307.44
324.24
335.44
363.44
391.44
419.44
447.44
475.44
503.44
531.44
559.44
615.44
643.44
671.44
727.44
755.44
783.44
839.44
867.44
895.44
951.44
1007.44
1063.44
1119.44
1287.44
1399.44
1679.44
1959.44
2239.44
2519.44
2799.44
3359.44
3919.44
4479.44