0.00
0.56
1.12
1.69
2.25
2.82
3.38
3.95
4.51
5.08
5.64
6.20
6.77
7.33
7.90
8.46
9.03
9.59
10.16
10.72
11.28
11.85
12.41
12.98
13.54
14.11
14.67
15.24
15.80
16.37
16.93
17.49
18.06
18.62
19.19
19.75
20.32
20.88
21.45
22.01
22.58
23.14
23.70
24.27
24.83
25.40
25.96
26.53
27.09
27.66
28.22
31.04
33.87
36.69
39.51
42.33
45.16
47.98
50.80
53.62
56.45
62.09
67.74
70.56
73.38
79.03
84.67
90.32
95.96
98.78
101.61
107.25
112.90
118.54
124.19
129.83
135.48
141.12
169.35
197.58
225.80
254.03
282.25
338.70
395.16
451.61
508.06
564.51