0.00
0.79
1.49
2.29
2.99
3.99
4.49
4.99
5.99
6.99
7.99
8.49
8.99
9.99
10.49
10.99
11.99
12.99
13.49
13.99
14.99
15.99
16.49
16.99
17.99
18.99
19.49
19.99
20.99
21.99
22.99
23.49
23.99
24.99
25.49
25.99
26.99
27.99
28.49
28.99
29.99
30.99
31.99
32.99
33.99
34.99
35.99
36.99
37.99
38.99
39.99
42.99
44.99
49.99
52.99
54.99
59.99
64.99
69.99
74.99
79.99
84.99
89.99
94.99
99.99
104.99
109.99
119.99
129.99
134.99
139.99
144.99
149.99
159.99
169.99
179.99
189.99
199.99
229.99
249.99
299.99
349.99
399.99
449.99
499.99
599.99
699.99
749.99