0.00
0.46
0.87
1.34
1.74
2.33
2.62
2.91
3.49
4.08
4.66
4.95
5.24
5.83
6.12
6.41
6.99
7.58
7.87
8.16
8.74
9.33
9.62
9.91
10.49
11.08
11.37
11.66
12.24
12.83
13.41
13.70
13.99
14.58
14.87
15.16
15.74
16.33
16.62
16.91
17.49
18.08
18.66
19.24
19.83
20.41
20.99
21.58
22.16
22.74
23.33
25.08
26.24
29.16
30.91
32.08
34.99
37.91
40.83
43.74
46.66
49.58
52.49
55.41
58.33
61.24
64.16
69.99
75.83
78.74
81.66
84.58
87.49
93.33
99.16
104.99
110.83
116.66
134.16
145.83
174.99
204.16
233.33
262.49
291.66
349.99
408.33
437.49