0
12000
23000
35000
45000
59000
69000
79000
89000
99000
119000
129000
139000
149000
159000
169000
189000
199000
209000
219000
229000
239000
259000
269000
279000
289000
299000
309000
329000
339000
349000
359000
369000
379000
399000
409000
419000
429000
439000
449000
469000
479000
489000
499000
509000
519000
539000
549000
559000
569000
599000
649000
699000
749000
799000
899000
949000
999000
1049000
1099000
1199000
1299000
1399000
1449000
1499000
1599000
1699000
1799000
1899000
1999000
2099000
2199000
2299000
2499000
2599000
2699000
2799000
2999000
3499000
3999000
4499000
4999000
5999000
6999000
7999000
8999000
9999000
11999000