0.00
8400.00
16100.00
24500.00
31500.00
41300.00
48300.00
55300.00
62300.00
69300.00
83300.00
90300.00
97300.00
104300.00
111300.00
118300.00
132300.00
139300.00
146300.00
153300.00
160300.00
167300.00
181300.00
188300.00
195300.00
202300.00
209300.00
216300.00
230300.00
237300.00
244300.00
251300.00
258300.00
265300.00
279300.00
286300.00
293300.00
300300.00
307300.00
314300.00
328300.00
335300.00
342300.00
349300.00
356300.00
363300.00
377300.00
384300.00
391300.00
398300.00
419300.00
454300.00
489300.00
524300.00
559300.00
629300.00
664300.00
699300.00
734300.00
769300.00
839300.00
909300.00
979300.00
1014300.00
1049300.00
1119300.00
1189300.00
1259300.00
1329300.00
1399300.00
1469300.00
1539300.00
1609300.00
1749300.00
1819300.00
1889300.00
1959300.00
2099300.00
2449300.00
2799300.00
3149300.00
3499300.00
4199300.00
4899300.00
5599300.00
6299300.00
6999300.00
8399300.00