0.00
3.50
6.90
10.90
13.90
17.90
20.90
24.90
27.90
31.90
34.90
38.90
41.90
45.90
48.90
52.90
55.90
59.90
62.90
66.90
69.90
73.90
76.90
80.90
83.90
87.90
90.90
94.90
97.90
101.90
104.90
108.90
111.90
115.90
118.90
122.90
125.90
129.90
132.90
136.90
139.90
143.90
146.90
150.90
153.90
157.90
160.90
164.90
167.90
171.90
174.90
199.90
209.90
229.90
249.90
259.90
279.90
299.90
309.90
329.90
349.90
389.90
419.90
439.90
459.90
489.90
529.90
559.90
589.90
609.90
629.90
669.90
699.90
739.90
769.90
799.90
849.90
879.90
999.90
1199.90
1399.90
1599.90
1799.90
2099.90
2499.90
2799.90
3199.90
3499.90