0.00
2.45
4.83
7.63
9.73
12.53
14.63
17.43
19.53
22.33
24.43
27.23
29.33
32.13
34.23
37.03
39.13
41.93
44.03
46.83
48.93
51.73
53.83
56.63
58.73
61.53
63.63
66.43
68.53
71.33
73.43
76.23
78.33
81.13
83.23
86.03
88.13
90.93
93.03
95.83
97.93
100.73
102.83
105.63
107.73
110.53
112.63
115.43
117.53
120.33
122.43
139.93
146.93
160.93
174.93
181.93
195.93
209.93
216.93
230.93
244.93
272.93
293.93
307.93
321.93
342.93
370.93
391.93
412.93
426.93
440.93
468.93
489.93
517.93
538.93
559.93
594.93
615.93
699.93
839.93
979.93
1119.93
1259.93
1469.93
1749.93
1959.93
2239.93
2449.93