0.00
42.00
84.00
133.00
175.00
210.00
259.00
294.00
343.00
385.00
434.00
469.00
525.00
553.00
595.00
644.00
693.00
735.00
770.00
805.00
840.00
910.00
945.00
980.00
1050.00
1085.00
1120.00
1155.00
1190.00
1260.00
1295.00
1330.00
1400.00
1435.00
1470.00
1505.00
1540.00
1610.00
1645.00
1680.00
1750.00
1785.00
1820.00
1855.00
1890.00
1960.00
1995.00
2030.00
2100.00
2135.00
2170.00
2380.00
2590.00
2800.00
3010.00
3220.00
3430.00
3640.00
3850.00
4130.00
4340.00
4830.00
5250.00
5390.00
5530.00
6090.00
6440.00
6930.00
7350.00
7630.00
8050.00
8330.00
8750.00
9030.00
9450.00
9730.00
10430.00
10850.00
12950.00
15050.00
17430.00
19530.00
21630.00
26530.00
31430.00
34930.00
38430.00
43330.00