0.00
5.04
10.64
16.24
21.84
27.44
33.04
38.64
44.24
49.84
53.20
55.44
61.04
66.64
72.24
77.84
83.44
89.04
94.64
100.24
105.84
111.44
117.04
122.64
128.24
133.84
139.44
145.04
150.64
156.24
161.84
167.44
173.04
178.64
184.24
189.84
195.44
201.04
206.64
212.24
217.84
223.44
229.04
234.64
240.24
245.84
251.44
257.04
262.64
268.24
273.84
279.44
307.44
335.44
363.44
391.44
419.44
447.44
475.44
503.44
531.44
559.44
610.40
666.40
700.00
722.40
778.40
834.40
890.40
924.00
946.40
1002.40
1058.40
1114.40
1170.40
1226.40
1282.40
1338.40
1562.40
1842.40
2122.40
2402.40
2682.40
3074.40
3634.40
4194.40
4754.40
5314.40