0.00
41.30
83.30
118.30
153.30
195.30
244.30
300.30
335.30
384.30
419.30
454.30
489.30
559.30
594.30
629.30
664.30
699.30
763.00
805.00
833.00
875.00
903.00
973.00
1015.00
1043.00
1085.00
1113.00
1183.00
1225.00
1253.00
1295.00
1323.00
1393.00
1435.00
1463.00
1505.00
1533.00
1603.00
1645.00
1673.00
1715.00
1743.00
1813.00
1855.00
1883.00
1925.00
1953.00
2023.00
2065.00
2093.00
2303.00
2443.00
2793.00
3003.00
3143.00
3353.00
3493.00
3703.00
3843.00
4193.00
4543.00
4893.00
5243.00
5593.00
5943.00
6293.00
6643.00
6993.00
7343.00
7693.00
8043.00
8393.00
8743.00
9093.00
9793.00
10143.00
10493.00
12593.00
13993.00
16093.00
19593.00
20993.00
24493.00
27993.00
34993.00
38493.00
41993.00