0.00
9.00
19.00
29.00
39.00
49.00
59.00
69.00
79.00
89.00
95.00
99.00
109.00
119.00
129.00
139.00
149.00
159.00
169.00
179.00
189.00
199.00
209.00
219.00
229.00
239.00
249.00
259.00
269.00
279.00
289.00
299.00
309.00
319.00
329.00
339.00
349.00
359.00
369.00
379.00
389.00
399.00
409.00
419.00
429.00
439.00
449.00
459.00
469.00
479.00
489.00
499.00
549.00
595.00
649.00
695.00
749.00
795.00
849.00
895.00
949.00
995.00
1095.00
1195.00
1249.00
1295.00
1395.00
1495.00
1595.00
1649.00
1695.00
1795.00
1895.00
1995.00
2095.00
2195.00
2295.00
2395.00
2795.00
3295.00
3795.00
4295.00
4795.00
5495.00
6495.00
7495.00
8495.00
9495.00