0.00
5.04
10.64
16.24
21.84
27.44
33.04
38.64
44.24
49.84
53.20
55.44
61.04
66.64
72.24
77.84
83.44
89.04
94.64
100.24
105.84
111.44
117.04
122.64
128.24
133.84
139.44
145.04
150.64
156.24
161.84
167.44
173.04
178.64
184.24
189.84
195.44
201.04
206.64
212.24
217.84
223.44
229.04
234.64
240.24
245.84
251.44
257.04
262.64
268.24
273.84
279.44
307.44
333.20
363.44
389.20
419.44
445.20
475.44
501.20
531.44
557.20
613.20
669.20
699.44
725.20
781.20
837.2
893.2
923.44
949.2
1005.2
1061.20
1117.20
1173.20
1229.20
1285.20
1341.20
1565.20
1845.20
2125.20
2405.20
2685.20
3077.20
3637.20
4197.20
4757.20
5317.20