0.00
1.99
4.29
6.49
8.49
10.49
12.99
14.99
16.99
18.99
20.99
22.99
24.99
27.99
29.99
31.99
33.99
35.99
37.99
39.99
41.99
43.99
45.99
47.99
49.99
52.99
54.99
56.99
58.99
60.99
62.99
64.99
66.99
69.99
71.99
73.99
75.99
77.99
79.99
81.99
84.99
86.99
88.99
90.99
92.99
94.99
96.99
98.99
100.99
102.99
104.99
119.99
129.99
139.99
149.99
159.99
169.99
179.99
189.99
199.99
209.99
229.99
249.99
269.99
279.99
299.99
319.99
339.99
359.99
369.99
379.99
399.99
419.99
439.99
459.99
479.99
499.99
549.99
649.99
749.99
849.99
949.99
1049.99
1299.99
1499.99
1699.99
1899.99
2099.99