0.00
1.39
3.00
4.54
5.94
7.34
9.09
10.49
11.89
13.29
14.69
16.09
17.49
19.59
20.99
22.39
23.79
25.19
26.59
27.99
29.39
30.79
32.19
33.59
34.99
37.09
38.49
39.89
41.29
42.69
44.09
45.49
46.89
48.99
50.39
51.79
53.19
54.59
55.99
57.39
59.49
60.89
62.29
63.69
65.09
66.49
67.89
69.29
70.69
72.09
73.49
83.99
90.99
97.99
104.99
111.99
118.99
125.99
132.99
139.99
146.99
160.99
174.99
188.99
195.99
209.99
223.99
237.99
251.99
258.99
265.99
279.99
293.99
307.99
321.99
335.99
349.99
384.99
454.99
524.99
594.99
664.99
734.99
909.99
1049.99
1189.99
1329.99
1469.99