0.00
11.99
24.99
36.99
49.99
59.99
69.99
89.99
99.99
109.99
119.99
129.99
139.99
159.99
169.99
189.99
199.99
209.99
219.99
239.99
249.99
259.99
269.99
289.99
299.99
309.99
319.99
339.99
349.99
359.99
369.99
389.99
399.99
409.99
419.99
439.99
449.99
459.99
469.99
489.99
499.99
509.99
519.99
529.99
539.99
549.99
559.99
569.99
579.99
589.99
599.99
649.99
699.99
799.99
849.99
899.99
999.99
1049.99
1099.99
1149.99
1199.99
1299.99
1399.99
1499.99
1599.99
1699.99
1899.99
1999.99
2099.99
2199.99
2299.99
2399.99
2499.99
2599.99
2699.99
2799.99
2899.99
2999.99
3499.99
4499.99
4999.99
5499.99
5999.99
6999.99
8999.99
9999.99
10999.99
11999.99