0.00
7.36
15.34
22.71
30.70
36.84
42.98
55.26
61.40
67.54
73.68
79.82
85.96
98.24
104.38
116.66
122.80
128.94
135.08
147.36
153.50
159.64
165.78
178.06
184.20
190.34
196.49
208.77
214.91
221.05
227.19
239.47
245.61
251.75
257.89
270.17
276.31
282.45
288.59
300.87
307.01
313.15
319.29
325.43
331.57
337.71
343.85
349.99
356.13
362.27
368.41
399.12
429.82
491.22
521.92
552.63
614.03
644.73
675.43
706.13
736.84
798.24
859.64
921.05
982.45
1043.85
1166.66
1228.06
1289.47
1350.87
1412.27
1473.68
1535.08
1596.49
1657.89
1719.29
1780.70
1842.10
2149.12
2763.15
3070.17
3377.19
3684.20
4298.24
5526.31
6140.34
6754.38
7368.41